1942 1031 1 
616 218 1 
532 189 1 
391 245 1 
503 108 1 
382 685 1 
3251 3252 1 
2976 3119 1 
210 348 1 
31 1204 1 
1255 2044 1 
2082 2162 1 
662 836 1 
1474 1571 1 
782 859 1 
2626 2627 1 
440 356 1 
866 1934 1 
2227 2342 1 
1897 1394 1 
3007 3006 1 
1542 1183 1 
817 867 1 
717 2382 1 
276 620 1 
720 348 1 
1380 1075 1 
3290 3249 1 
1879 2073 1 
1375 2036 1 
391 669 1 
995 753 1 
1544 1327 1 
1732 1360 1 
1005 502 1 
180 439 1 
2977 2400 1 
616 351 1 
737 321 1 
839 384 1 
574 830 1 
145 1003 1 
7 65 1 
1518 1163 1 
2651 2661 1 
1676 1934 1 
2879 3279 1 
2655 2167 1 
518 526 1 
2286 2286 1 
708 709 1 
30 794 1 
636 871 1 
917 814 1 
1462 1649 1 
496 936 1 
1155 1118 1 
700 620 1 
863 863 1 
2685 2683 1 
391 709 1 
3046 3039 1 
532 811 1 
746 747 1 
1032 1873 1 
373 656 1 
1684 1325 1 
289 918 1 
2203 780 1 
1039 1405 1 
292 483 1 
2140 1256 1 
1697 1698 1 
2891 2919 1 
617 3237 1 
2787 2387 1 
277 582 1 
2003 1956 1 
662 314 1 
1407 2071 1 
6 98 1 
391 383 1 
630 516 1 
1821 1260 1 
3270 2231 1 
1852 2169 1 
184 186 1 
327 1702 1 
1986 1072 1 
700 988 1 
1732 1584 1 
2845 2228 1 
277 902 1 
2604 2810 1 
1851 1952 1 
2275 2045 1 
1060 1366 1 
1565 1564 1 
1315 1584 1 
1691 1815 1 
2751 2280 1 
3198 3198 1 
2152 1434 1 
1706 1618 1 
3033 2478 1 
1000 29 1 
365 746 1 
723 722 1 
1772 1771 1 
2055 2073 1 
285 733 1 
68 177 1 
3125 2647 1 
715 1000 1 
1176 279 1 
1557 1556 1 
523 1461 1 
523 957 1 
1726 1546 1 
702 669 1 
3241 2444 1 
1728 2098 1 
3125 2338 1 
440 482 1 
1501 1348 1 
1681 1195 1 
2 1938 1 
669 803 1 
510 175 1 
176 480 1 
1658 1584 1 
2140 1829 1 
2970 2293 1 
2802 2801 1 
1945 1946 1 
97 914 1 
3171 2870 1 
2548 2894 1 
807 248 1 
1076 1170 1 
1828 2073 1 
89 2074 1 
282 145 1 
1534 1688 1 
642 210 1 
4 635 1 
2917 1890 1 
1375 1062 1 
472 733 1 
1139 2169 1 
764 375 1 
1732 1585 1 
2180 2201 1 
2725 2745 1 
689 181 1 
1663 1327 1 
736 814 1 
40 1011 1 
1243 1237 1 
1679 1199 1 
644 924 1 
548 574 1 
300 469 1 
863 1970 1 
365 356 1 
304 842 1 
732 140 1 
1002 8 1 
52 482 1 
942 939 1 
1417 1235 1 
391 446 1 
917 618 1 
2353 2480 1 
877 1490 1 
1581 2874 1 
892 429 1 
2035 1982 1 
286 357 1 
41 412 1 
746 805 1 
649 300 1 
889 358 1 
590 130 1 
3245 2439 1 
2746 465 1 
387 203 1 
365 778 1 
2608 2609 1 
1166 1789 1 
1274 1340 1 
1355 1020 1 
2226 2399 1 
1687 1560 1 
1793 1795 1 
823 147 1 
461 264 1 
740 465 1 
2379 2683 1 
2225 2781 1 
1635 1829 1 
1169 874 1 
3241 2884 1 
184 453 1 
1892 1237 1 
2595 2596 1 
692 512 1 
2244 2325 1 
440 59 1 
2262 2307 1 
417 352 1 
801 94 1 
2817 2384 1 
391 881 1 
1981 2113 1 
2734 2350 1 
324 514 1 
2299 3024 1 
472 286 1 
938 878 1 
2510 2650 1 
1415 1416 1 
847 605 1 
2644 2646 1 
59 303 1 
617 999 1 
2175 2174 1 
2567 2568 1 
305 305 1 
562 562 1 
122 867 1 
794 819 1 
1421 2261 1 
1711 1514 1 
3238 3239 1 
1986 1735 1 
391 524 1 
927 919 1 
2625 2457 1 
1679 1470 1 
391 356 1 
89 153 1 
1631 1748 1 
430 1722 1 
31 1283 1 
344 870 1 
941 939 1 
488 43 1 
2596 2595 1 
781 263 1 
292 217 1 
1971 1401 1 
807 2768 1 
645 1011 1 
980 494 1 
2759 3064 1 
496 668 1 
185 1762 1 
244 127 1 
1227 236 1 
3277 2451 1 
2003 1955 1 
642 720 1 
694 401 1 
1422 1766 1 
391 337 1 
2051 1286 1 
1637 1683 1 
2077 1246 1 
3221 2973 1 
1968 1014 1 
805 912 1 
1036 1492 1 
1711 306 1 
391 609 1 
1444 1536 1 
2028 1094 1 
12 388 1 
644 894 1 
987 496 1 
391 357 1 
1754 1636 1 
700 698 1 
185 695 1 
42 419 1 
2213 3133 1 
3048 2736 1 
557 258 1 
523 1000 1 
2178 2904 1 
686 688 1 
100 724 1 
977 517 1 
1069 236 1 
2366 3286 1 
700 311 1 
893 704 1 
1176 2174 1 
1647 1886 1 
391 23 1 
770 1232 1 
609 707 1 
9 1987 1 
1155 1136 1 
1375 1178 1 
1421 3108 1 
659 83 1 
1733 1732 1 
1456 2073 1 
2876 2915 1 
1278 2044 1 
1043 1680 1 
2215 977 1 
2212 2327 1 
2352 3014 1 
2330 2330 1 
848 436 1 
2008 1035 1 
411 317 1 
749 698 1 
3157 3160 1 
350 575 1 
660 1004 1 
1166 2067 1 
231 412 1 
2938 2939 1 
1995 1215 1 
2935 2309 1 
267 89 1 
1897 1177 1 
903 556 1 
664 21 1 
433 916 1 
1834 2155 1 
2061 1202 1 
440 669 1 
1732 1736 1 
645 272 1 
3076 2450 1 
1927 1345 1 
877 733 1 
1160 1258 1 
2926 2926 1 
1047 1522 1 
644 683 1 
1006 681 1 
1574 1288 1 
806 517 1 
2010 1225 1 
3021 2534 1 
1126 1892 1 
1093 2010 1 
1144 2104 1 
1055 1492 1 
700 576 1 
2878 2562 1 
1518 2080 1 
1447 1378 1 
391 152 1 
1733 1658 1 
292 160 1 
391 364 1 
660 212 1 
1741 1741 1 
2853 2854 1 
3263 1652 1 
2165 2164 1 
2005 1462 1 
839 109 1 
770 1235 1 
700 715 1 
1494 1739 1 
793 794 1 
2502 3181 1 
1039 1537 1 
1084 1940 1 
1 112 1 
1181 1197 1 
1787 1785 1 
1237 2025 1 
2743 2881 1 
1853 1258 1 
1788 1655 1 
263 674 1 
391 900 1 
1587 1337 1 
72 191 1 
2220 2392 1 
2956 2252 1 
590 135 1 
987 227 1 
286 95 1 
462 26 1 
1130 1970 1 
667 668 1 
2069 1346 1 
973 56 1 
3008 2273 1 
2592 2698 1 
2007 1259 1 
3278 2772 1 
731 321 1 
1754 1629 1 
1554 1555 1 
548 573 1 
660 661 1 
267 153 1 
1149 1688 1 
1730 1718 1 
1471 1945 1 
1730 1628 1 
391 201 1 
2050 2033 1 
2670 2464 1 
2175 1386 1 
660 571 1 
219 2105 1 
1590 1591 1 
32 883 1 
393 915 1 
917 596 1 
1702 326 1 
655 215 1 
1877 688 1 
1095 1318 1 
522 617 1 
848 789 1 
2878 2320 1 
1939 1020 1 
423 1900 1 
417 145 1 
864 166 1 
820 635 1 
2990 2989 1 
1665 780 1 
438 439 1 
644 272 1 
1802 1532 1 
800 804 1 
1510 151 1 
1525 1582 1 
850 41 1 
1407 1716 1 
1374 1084 1 
1153 2950 1 
303 439 1 
1161 1161 1 
3052 3053 1 
1773 2093 1 
1780 1524 1 
292 927 1 
1471 1454 1 
1926 2076 1 
3108 2700 1 
440 245 1 
45 869 1 
1207 1211 1 
999 106 1 
3149 3147 1 
444 587 1 
2920 2639 1 
738 730 1 
796 92 1 
2832 2308 1 
700 669 1 
800 391 1 
25 128 1 
440 703 1 
2576 3164 1 
699 457 1 
2233 3034 1 
2208 2856 1 
622 624 1 
1610 1843 1 
2136 2142 1 
1710 2073 1 
1508 1151 1 
2986 2985 1 
277 656 1 
423 49 1 
632 1010 1 
3306 2167 1 
789 547 1 
2779 2725 1 
1407 2136 1 
1221 1170 1 
1040 1213 1 
1030 1249 1 
1480 1662 1 
472 2813 1 
749 29 1 
391 11 1 
815 520 1 
25 407 1 
52 357 1 
2696 2499 1 
1415 1356 1 
863 1969 1 
815 137 1 
848 776 1 
173 57 1 
2328 3222 1 
116 570 1 
992 75 1 
98 37 1 
29 988 1 
2652 915 1 
1005 8 1 
264 427 1 
1928 1785 1 
565 537 1 
2495 1199 1 
340 3159 1 
2701 3232 1 
3268 186 1 
2896 654 1 
1860 3275 1 
3196 2350 1 
927 928 1 
1741 1283 1 
575 698 1 
1438 1983 1 
205 205 1 
264 686 1 
673 216 1 
355 2587 1 
365 526 1 
472 1076 1 
589 953 1 
1005 123 1 
1115 1188 1 
1154 1630 1 
847 288 1 
391 659 1 
926 432 1 
3111 2556 1 
1176 2175 1 
700 252 1 
1755 1642 1 
423 55 1 
993 726 1 
632 996 1 
699 572 1 
3126 2311 1 
662 604 1 
794 741 1 
1773 2010 1 
333 2343 1 
1449 1603 1 
292 153 1 
26 358 1 
2035 1777 1 
1912 1249 1 
3213 3217 1 
3032 2403 1 
1901 1222 1 
2143 2144 1 
1354 1966 1 
1920 1874 1 
673 2421 1 
2607 2608 1 
3057 3056 1 
1005 921 1 
472 781 1 
1041 1310 1 
822 3014 1 
2203 3163 1 
3229 3229 1 
266 889 1 
1204 2152 1 
542 508 1 
1024 1876 1 
1890 1345 1 
590 132 1 
2679 2383 1 
1013 2032 1 
617 68 1 
674 377 1 
2956 2959 1 
573 181 1 
2705 2603 1 
1919 2095 1 
1929 2023 1 
765 724 1 
171 307 1 
2032 947 1 
1732 1738 1 
848 192 1 
1384 1116 1 
391 451 1 
458 459 1 
1203 1842 1 
2643 2602 1 
283 632 1 
2067 1789 1 
1777 1175 1 
2893 2301 1 
1108 1426 1 
848 308 1 
2023 1403 1 
2974 2974 1 
609 169 1 
3029 829 1 
2879 2320 1 
1148 1953 1 
730 1010 1 
3036 2247 1 
692 899 1 
2007 2113 1 
1851 2000 1 
374 445 1 
430 1409 1 
3190 2248 1 
3052 2235 1 
391 29 1 
906 686 1 
32 647 1 
1891 1254 1 
1461 1375 1 
1632 91 1 
1671 1672 1 
1 1 1 
2282 2199 1 
1817 1728 1 
389 677 1 
699 304 1 
1387 1758 1 
2508 3075 1 
979 1550 1 
700 756 1 
1707 1613 1 
952 278 1 
2956 2953 1 
1877 687 1 
810 808 1 
2185 2307 1 
2763 2205 1 
705 753 1 
451 897 1 
32 780 1 
180 647 1 
2186 2540 1 
1734 1496 1 
1462 629 1 
523 1465 1 
353 354 1 
2997 2998 1 
484 356 1 
2068 2068 1 
273 286 1 
484 526 1 
999 55 1 
773 805 1 
2040 2039 1 
749 55 1 
927 260 1 
2956 2333 1 
648 198 1 
1738 1315 1 
32 2813 1 
2956 1814 1 
373 889 1 
267 66 1 
1447 1362 1 
472 1358 1 
3052 2271 1 
555 1001 1 
1064 1708 1 
78 814 1 
2185 2357 1 
573 550 1 
2214 2245 1 
2659 2448 1 
275 84 1 
2746 2666 1 
1108 1405 1 
433 434 1 
2050 2076 1 
13 778 1 
1981 2033 1 
2703 2648 1 
1760 1948 1 
632 1004 1 
749 999 1 
739 790 1 
391 800 1 
2427 2757 1 
2219 3195 1 
2184 846 1 
2888 2887 1 
1902 1301 1 
1524 1827 1 
1513 1410 1 
2712 2668 1 
701 367 1 
3029 3163 1 
875 2430 1 
1071 1237 1 
1149 1552 1 
543 146 1 
391 712 1 
988 181 1 
999 999 1 
2795 2796 1 
705 240 1 
58 158 1 
1678 1725 1 
1067 1172 1 
531 880 1 
2968 2967 1 
105 141 1 
2641 2640 1 
848 594 1 
1947 1760 1 
1012 1035 1 
2009 1342 1 
2197 3280 1 
375 446 1 
3021 2533 1 
1973 1092 1 
980 751 1 
1623 1276 1 
292 674 1 
1221 1388 1 
59 698 1 
1451 2120 1 
264 769 1 
625 624 1 
2502 2862 1 
2323 2606 1 
2051 1649 1 
391 254 1 
2005 1215 1 
660 71 1 
2917 2577 1 
2924 96 1 
740 589 1 
1525 2042 1 
773 912 1 
286 2483 1 
2191 3146 1 
2786 2403 1 
2924 2925 1 
319 52 1 
1996 1998 1 
294 397 1 
2978 2825 1 
332 67 1 
147 908 1 
404 406 1 
1635 1139 1 
1032 1489 1 
1581 2044 1 
1709 2754 1 
1745 1060 1 
2154 1801 1 
783 163 1 
1794 1778 1 
2003 1453 1 
3287 2438 1 
1849 1217 1 
2131 2130 1 
2785 3032 1 
2620 2619 1 
2997 3234 1 
470 587 1 
1382 1269 1 
524 183 1 
2215 2846 1 
2985 2455 1 
881 775 1 
80 3163 1 
1461 1465 1 
1879 1466 1 
2637 2636 1 
1474 1570 1 
35 698 1 
854 3297 1 
644 122 1 
292 168 1 
419 454 1 
1381 1015 1 
685 217 1 
35 574 1 
295 589 1 
1526 1662 1 
823 413 1 
2841 2840 1 
1807 1187 1 
419 147 1 
1255 755 1 
2050 1847 1 
3176 3075 1 
333 598 1 
2246 2311 1 
277 903 1 
324 134 1 
754 580 1 
881 646 1 
265 724 1 
274 434 1 
440 95 1 
2007 1215 1 
700 367 1 
1878 1576 1 
2090 2088 1 
617 52 1 
1849 1850 1 
2645 2646 1 
2222 2514 1 
1380 1463 1 
1978 1975 1 
1525 1169 1 
264 567 1 
1065 1812 1 
1929 1786 1 
3172 2224 1 
2977 3304 1 
738 731 1 
674 378 1 
609 897 1 
644 642 1 
1048 1614 1 
732 167 1 
3227 3228 1 
715 988 1 
1375 1411 1 
1871 1945 1 
41 622 1 
2658 2448 1 
180 1283 1 
1169 1512 1 
510 341 1 
61 587 1 
1585 1315 1 
562 670 1 
1607 1106 1 
3135 3134 1 
848 761 1 
391 155 1 
391 260 1 
1012 2029 1 
1544 829 1 
1353 1540 1 
1501 1090 1 
2106 312 1 
2592 2699 1 
1541 1267 1 
648 899 1 
1014 1546 1 
1046 1956 1 
496 20 1 
2170 1530 1 
391 1001 1 
1369 1356 1 
54 310 1 
2329 3154 1 
863 733 1 
396 398 1 
2112 2113 1 
3091 3197 1 
3137 3138 1 
906 688 1 
489 369 1 
2617 2619 1 
2423 2372 1 
873 779 1 
1557 1648 1 
1914 2144 1 
1771 2124 1 
321 1010 1 
505 160 1 
2431 2431 1 
2081 1927 1 
2783 2783 1 
1425 1629 1 
617 1000 1 
1929 1928 1 
484 703 1 
863 1938 1 
1274 1715 1 
1493 1493 1 
692 251 1 
2775 2294 1 
559 476 1 
888 780 1 
36 93 1 
749 715 1 
303 252 1 
1387 1385 1 
1691 1892 1 
1531 2009 1 
740 593 1 
1384 1651 1 
3166 2438 1 
2249 2747 1 
1523 1324 1 
982 983 1 
402 406 1 
484 52 1 
1647 422 1 
1919 2152 1 
32 733 1 
856 433 1 
3096 3098 1 
980 238 1 
2785 2433 1 
644 995 1 
754 875 1 
2833 2296 1 
391 484 1 
1020 2065 1 
1407 1733 1 
2944 2483 1 
2781 2871 1 
2494 2855 1 
387 241 1 
1708 1512 1 
391 517 1 
749 1000 1 
935 681 1 
1897 1608 1 
489 791 1 
1017 2139 1 
1999 1282 1 
2 733 1 
365 911 1 
185 540 1 
2056 2057 1 
180 1922 1 
496 209 1 
1834 1657 1 
568 1651 1 
1529 1815 1 
1051 1169 1 
1802 2025 1 
815 122 1 
954 685 1 
1726 1418 1 
823 811 1 
1821 1618 1 
1102 2172 1 
3029 2461 1 
339 582 1 
2140 1499 1 
789 320 1 
738 321 1 
856 705 1 
441 11 1 
2538 2538 1 
1348 1090 1 
3156 875 1 
461 686 1 
2882 3136 1 
3101 3102 1 
3069 3070 1 
2004 1488 1 
446 95 1 
2110 2111 1 
678 1985 1 
1387 342 1 
1059 2025 1 
339 828 1 
2054 1274 1 
1510 1640 1 
818 172 1 
1038 1680 1 
80 829 1 
815 724 1 
1707 1244 1 
1676 1217 1 
472 798 1 
274 433 1 
386 387 1 
65 211 1 
2211 1708 1 
2921 2921 1 
38 311 1 
2821 2890 1 
617 1001 1 
848 595 1 
417 138 1 
2265 2224 1 
937 938 1 
661 987 1 
754 629 1 
391 157 1 
2463 2909 1 
614 612 1 
709 224 1 
1175 1405 1 
613 272 1 
1311 1611 1 
411 242 1 
660 751 1 
3226 2969 1 
1117 2140 1 
58 1128 1 
2106 3045 1 
38 1268 1 
2512 3207 1 
2587 2585 1 
2984 2455 1 
2137 1395 1 
462 889 1 
89 1282 1 
592 979 1 
2779 2677 1 
1973 1969 1 
292 107 1 
339 70 1 
438 517 1 
397 398 1 
508 207 1 
868 1748 1 
2169 2169 1 
1874 1664 1 
1224 1714 1 
1919 2160 1 
1002 763 1 
478 754 1 
32 1358 1 
302 69 1 
526 591 1 
3023 2781 1 
266 568 1 
662 315 1 
2129 1245 1 
1953 1113 1 
2111 2113 1 
309 869 1 
3109 2518 1 
3043 2540 1 
374 95 1 
1057 1057 1 
2608 2607 1 
1929 1785 1 
690 574 1 
952 400 1 
2887 2889 1 
353 355 1 
947 1239 1 
662 204 1 
10 261 1 
1864 1490 1 
1223 2045 1 
743 476 1 
2963 2963 1 
397 724 1 
617 749 1 
440 805 1 
461 1007 1 
2929 2823 1 
1676 1241 1 
2375 2421 1 
3170 3015 1 
700 107 1 
710 708 1 
2257 2872 1 
1004 495 1 
26 889 1 
2642 3118 1 
1590 1150 1 
1681 1379 1 
2680 2680 1 
2594 3188 1 
2879 3047 1 
941 394 1 
877 1248 1 
1718 1718 1 
3053 3054 1 
297 1008 1 
638 326 1 
1595 1594 1 
1907 2049 1 
1972 1401 1 
375 445 1 
2712 2814 1 
264 27 1 
219 3304 1 
3236 2846 1 
548 245 1 
3017 2239 1 
2580 352 1 
647 2151 1 
609 774 1 
3011 3012 1 
1909 2177 1 
1960 1959 1 
1702 327 1 
2572 2571 1 
32 1490 1 
572 698 1 
1080 1652 1 
324 515 1 
1154 1343 1 
373 70 1 
208 500 1 
913 827 1 
379 1634 1 
312 2531 1 
993 66 1 
3245 2668 1 
632 404 1 
749 154 1 
2559 3023 1 
484 598 1 
3040 3074 1 
2012 2013 1 
109 384 1 
1033 2118 1 
610 463 1 
1468 1468 1 
440 698 1 
2694 2374 1 
2500 2192 1 
350 620 1 
1732 1737 1 
275 37 1 
2740 716 1 
487 139 1 
57 1825 1 
303 805 1 
1622 2138 1 
3191 3117 1 
1203 1184 1 
602 18 1 
1151 1509 1 
1231 2098 1 
397 294 1 
1497 1021 1 
87 627 1 
2277 627 1 
1476 1680 1 
783 2641 1 
2795 2290 1 
52 471 1 
2264 2960 1 
2341 2401 1 
592 725 1 
534 534 1 
35 181 1 
1122 1675 1 
446 445 1 
1596 1597 1 
401 403 1 
3058 3034 1 
1014 1418 1 
365 551 1 
660 496 1 
1020 610 1 
2050 2034 1 
981 161 1 
750 635 1 
2879 3202 1 
632 981 1 
2712 2533 1 
2516 3134 1 
2016 2015 1 
638 325 1 
1007 780 1 
1501 1164 1 
3142 2674 1 
1643 1285 1 
1904 2034 1 
823 768 1 
1000 68 1 
810 137 1 
2196 2196 1 
3051 3050 1 
1957 252 1 
355 2260 1 
2559 2781 1 
3092 3092 1 
877 2401 1 
440 748 1 
302 2246 1 
2081 1955 1 
669 252 1 
1184 1837 1 
700 747 1 
2984 2985 1 
2084 2083 1 
365 168 1 
1006 482 1 
1958 1410 1 
1569 593 1 
969 970 1 
2218 3038 1 
957 634 1 
653 398 1 
2361 2840 1 
2064 1049 1 
644 809 1 
1811 1316 1 
2982 2550 1 
2903 2542 1 
1121 1819 1 
2370 3071 1 
2806 3114 1 
1878 1503 1 
682 2462 1 
1480 2013 1 
2712 2439 1 
1293 1855 1 
521 171 1 
90 547 1 
1690 2177 1 
61 444 1 
848 724 1 
431 733 1 
2150 1922 1 
1550 1550 1 
1475 1922 1 
610 829 1 
3284 3285 1 
2689 2688 1 
276 55 1 
105 132 1 
30 860 1 
800 392 1 
355 2586 1 
1146 1140 1 
430 306 1 
503 502 1 
72 940 1 
1916 1791 1 
2106 1101 1 
291 261 1 
2211 2276 1 
1455 1274 1 
1595 1593 1 
701 698 1 
3068 3067 1 
389 250 1 
1350 2032 1 
489 835 1 
1693 1594 1 
202 1495 1 
2743 1123 1 
6 37 1 
1782 1775 1 
1407 1317 1 
1753 1629 1 
1879 1266 1 
1738 1360 1 
2300 2260 1 
3042 2416 1 
926 869 1 
848 41 1 
545 287 1 
1104 2104 1 
898 3094 1 
774 357 1 
987 549 1 
624 622 1 
373 195 1 
749 106 1 
3221 3106 1 
1551 1236 1 
489 272 1 
986 918 1 
1037 1486 1 
2848 2849 1 
1533 1533 1 
80 279 1 
682 249 1 
391 456 1 
3254 3253 1 
662 878 1 
472 31 1 
2358 2355 1 
355 2408 1 
10 159 1 
2207 3100 1 
986 630 1 
3291 2335 1 
3216 2288 1 
1396 1314 1 
1087 1481 1 
365 805 1 
2746 123 1 
292 446 1 
535 733 1 
664 7 1 
2697 2579 1 
679 868 1 
440 383 1 
2449 2564 1 
391 154 1 
2535 2474 1 
692 691 1 
418 811 1 
1373 1905 1 
442 2666 1 
678 869 1 
628 824 1 
781 1922 1 
1968 1726 1 
2992 2992 1 
419 1003 1 
48 779 1 
1501 1418 1 
1854 1583 1 
1736 1737 1 
679 1985 1 
2602 2643 1 
2994 3312 1 
1223 1808 1 
645 43 1 
478 347 1 
715 29 1 
617 482 1 
656 1008 1 
1151 1507 1 
1765 1812 1 
2655 1530 1 
1402 1110 1 
449 811 1 
863 1213 1 
1355 2857 1 
440 484 1 
852 2337 1 
1018 1550 1 
2053 2026 1 
219 1725 1 
2348 2861 1 
3276 2411 1 
2553 2479 1 
2997 2545 1 
298 128 1 
292 155 1 
585 241 1 
1843 1140 1 
1540 1208 1 
1756 1838 1 
1524 1168 1 
391 670 1 
617 669 1 
1437 1435 1 
518 872 1 
764 806 1 
1122 2114 1 
1821 1670 1 
205 946 1 
1067 1963 1 
1728 1192 1 
360 359 1 
1879 1604 1 
1832 1555 1 
994 3086 1 
927 245 1 
848 437 1 
854 754 1 
1381 1060 1 
1861 1133 1 
562 656 1 
489 489 1 
1091 1175 1 
1635 2258 1 
1227 1822 1 
23 900 1 
2325 2325 1 
874 577 1 
2897 2898 1 
626 230 1 
1080 1932 1 
1005 482 1 
365 235 1 
2283 1519 1 
1121 1607 1 
3053 2235 1 
1459 1851 1 
1583 2079 1 
2023 1785 1 
2657 2195 1 
735 752 1 
1702 328 1 
987 652 1 
281 351 1 
1853 1296 1 
277 581 1 
494 493 1 
1958 1027 1 
835 965 1 
1231 1515 1 
674 763 1 
272 691 1 
56 3280 1 
389 580 1 
2495 1470 1 
2949 1174 1 
1507 1295 1 
1381 1592 1 
1493 57 1 
777 884 1 
632 493 1 
1646 1489 1 
986 516 1 
317 623 1 
1375 2150 1 
2712 2532 1 
1103 1959 1 
1632 1130 1 
1014 1428 1 
1001 999 1 
769 666 1 
2275 3128 1 
1159 1572 1 
1647 1884 1 
2152 1433 1 
3165 2341 1 
748 357 1 
1060 1379 1 
823 473 1 
749 988 1 
2810 3130 1 
2806 3113 1 
1634 1802 1 
2591 2477 1 
2264 1814 1 
2806 2808 1 
391 483 1 
3269 3267 1 
391 104 1 
2136 1054 1 
354 165 1 
391 747 1 
484 482 1 
1084 2094 1 
472 511 1 
392 383 1 
2223 2568 1 
266 195 1 
338 288 1 
507 722 1 
31 1240 1 
1102 1119 1 
88 598 1 
507 395 1 
1084 1913 1 
1031 1245 1 
3255 2298 1 
2049 1847 1 
3003 2528 1 
411 623 1 
334 723 1 
2279 1470 1 
857 878 1 
1064 1230 1 
632 621 1 
1879 1685 1 
423 195 1 
644 841 1 
1015 1366 1 
1510 327 1 
390 468 1 
1544 2294 1 
918 326 1 
114 383 1 
1556 1556 1 
585 203 1 
79 733 1 
100 932 1 
773 517 1 
2629 2381 1 
391 86 1 
1555 1554 1 
2279 3041 1 
511 505 1 
2147 2163 1 
2137 1748 1 
1809 1809 1 
644 349 1 
173 1169 1 
2510 2639 1 
3088 3110 1 
2675 2675 1 
1034 2016 1 
292 3131 1 
962 636 1 
2051 854 1 
997 752 1 
1860 405 1 
1044 1829 1 
277 889 1 
6 64 1 
442 775 1 
2207 2676 1 
1833 1834 1 
442 2169 1 
781 268 1 
244 618 1 
1658 1190 1 
32 2203 1 
715 107 1 
644 240 1 
303 747 1 
692 520 1 
2683 2683 1 
1638 1978 1 
1069 2116 1 
3009 3010 1 
2895 3049 1 
1358 1977 1 
2954 2957 1 
2907 2485 1 
2685 2684 1 
677 2986 1 
1005 620 1 
1717 1083 1 
662 837 1 
574 258 1 
365 517 1 
2206 2901 1 
1821 1271 1 
784 291 1 
1741 1767 1 
466 467 1 
2050 1152 1 
1998 1997 1 
867 122 1 
1005 366 1 
1501 2025 1 
686 323 1 
25 686 1 
2376 3215 1 
435 388 1 
1921 1856 1 
2856 186 1 
277 464 1 
2365 2419 1 
391 907 1 
3052 2511 1 
1668 829 1 
617 550 1 
572 235 1 
2615 2620 1 
2935 3272 1 
2833 2287 1 
1089 1237 1 
2591 2179 1 
852 2757 1 
1861 1243 1 
506 733 1 
2081 1705 1 
391 255 1 
79 535 1 
1308 2037 1 
2206 2900 1 
861 215 1 
2631 2322 1 
2203 829 1 
625 626 1 
440 366 1 
26 70 1 
710 709 1 
3124 2827 1 
2122 1965 1 
269 562 1 
1052 2122 1 
2233 3204 1 
1627 2010 1 
391 59 1 
552 680 1 
781 273 1 
1819 1211 1 
2601 3110 1 
2946 2356 1 
2523 3224 1 
1000 1001 1 
1867 1247 1 
867 570 1 
1382 1163 1 
430 1173 1 
97 998 1 
1156 1214 1 
2326 2595 1 
644 36 1 
435 507 1 
1014 2025 1 
802 803 1 
1617 1617 1 
980 243 1 
1047 1892 1 
748 356 1 
983 623 1 
2734 3196 1 
3152 963 1 
678 679 1 
29 107 1 
2086 2088 1 
1101 1724 1 
440 213 1 
484 709 1 
98 950 1 
365 707 1 
2733 2527 1 
2612 2613 1 
2085 2105 1 
1718 1717 1 
1091 1108 1 
3177 2344 1 
3173 3305 1 
365 484 1 
2376 3217 1 
286 698 1 
472 567 1 
1976 1157 1 
327 351 1 
3059 3232 1 
994 1722 1 
277 828 1 
118 118 1 
417 419 1 
2991 2991 1 
3174 2252 1 
554 2729 1 
391 234 1 
314 316 1 
1461 1125 1 
461 3157 1 
1107 1340 1 
2520 2255 1 
1360 1584 1 
193 608 1 
329 618 1 
856 3125 1 
448 745 1 
1161 1370 1 
1068 1252 1 
645 612 1 
1228 2793 1 
3291 3169 1 
294 170 1 
13 1742 1 
632 980 1 
1639 1376 1 
294 398 1 
662 727 1 
1393 1609 1 
330 115 1 
1457 1229 1 
219 1490 1 
1907 3124 1 
185 698 1 
87 263 1 
624 624 1 
1221 1200 1 
770 2687 1 
330 37 1 
365 482 1 
455 818 1 
1639 1182 1 
448 536 1 
2722 2630 1 
2501 2501 1 
1001 1001 1 
351 516 1 
2754 2388 1 
1407 1585 1 
770 1274 1 
996 936 1 
980 981 1 
372 896 1 
660 980 1 
644 662 1 
504 635 1 
292 709 1 
1973 2161 1 
231 178 1 
171 495 1 
638 150 1 
2106 1724 1 
848 731 1 
1919 2115 1 
1729 1086 1 
2844 2277 1 
1658 1315 1 
1000 55 1 
1006 1587 1 
660 987 1 
2690 2688 1 
636 492 1 
3214 3212 1 
2937 2870 1 
292 502 1 
1734 1060 1 
1417 1232 1 
2547 2192 1 
344 1805 1 
310 162 1 
1256 1256 1 
1045 1275 1 
2810 2735 1 
795 241 1 
3261 3262 1 
373 502 1 
35 367 1 
10 560 1 
1475 2066 1 
1903 1287 1 
1744 1875 1 
2279 1199 1 
877 2639 1 
391 482 1 
1792 1477 1 
988 177 1 
1471 1981 1 
1439 1343 1 
2707 2446 1 
89 1999 1 
662 37 1 
391 598 1 
2136 1195 1 
23 304 1 
699 702 1 
391 319 1 
1102 1610 1 
3274 447 1 
3036 3035 1 
2560 247 1 
2162 1922 1 
1102 2171 1 
2875 2973 1 
204 240 1 
700 749 1 
3199 3200 1 
2138 1070 1 
565 133 1 
1709 819 1 
472 180 1 
1721 1748 1 
893 501 1 
3258 2415 1 
2748 2749 1 
848 967 1 
423 107 1 
2495 687 1 
613 956 1 
284 264 1 
1084 1197 1 
1126 1287 1 
3087 3087 1 
342 869 1 
575 311 1 
640 641 1 
1681 1015 1 
444 444 1 
275 64 1 
864 858 1 
1372 1079 1 
1023 1908 1 
1788 1790 1 
80 38 1 
63 803 1 
391 805 1 
2864 2865 1 
1561 1340 1 
423 587 1 
180 780 1 
2947 2790 1 
1126 1303 1 
489 18 1 
1372 2141 1 
547 549 1 
906 3041 1 
23 669 1 
506 535 1 
276 106 1 
388 650 1 
1849 1206 1 
1152 1961 1 
3107 2429 1 
2632 2482 1 
1658 1737 1 
1412 1680 1 
1757 1786 1 
1380 1505 1 
2536 2535 1 
1102 1442 1 
205 651 1 
131 183 1 
2187 3140 1 
781 733 1 
29 154 1 
1407 1381 1 
3168 2445 1 
2050 2002 1 
1389 1983 1 
848 730 1 
2672 2440 1 
391 55 1 
1377 763 1 
2306 2906 1 
837 838 1 
1169 1545 1 
902 903 1 
1938 1213 1 
3015 3016 1 
960 960 1 
264 841 1 
1410 1746 1 
1696 1101 1 
2652 2575 1 
961 2416 1 
340 2800 1 
1919 2024 1 
1795 1488 1 
548 260 1 
473 146 1 
1709 1215 1 
1048 1128 1 
1079 1191 1 
3044 2642 1 
625 622 1 
374 263 1 
1041 1077 1 
1407 1732 1 
58 1537 1 
1543 1216 1 
1080 1228 1 
770 2158 1 
109 1495 1 
287 546 1 
286 160 1 
2594 2200 1 
647 1283 1 
699 550 1 
3306 1530 1 
1339 1333 1 
796 1795 1 
682 220 1 
1575 1281 1 
1738 1737 1 
3150 3151 1 
231 149 1 
829 1327 1 
3229 2038 1 
365 260 1 
686 666 1 
1867 2168 1 
1223 1541 1 
1458 1233 1 
2247 2247 1 
621 624 1 
948 975 1 
2266 2205 1 
3263 2630 1 
1030 1101 1 
602 835 1 
398 214 1 
3307 3303 1 
33 666 1 
1919 1277 1 
1859 3014 1 
1242 1515 1 
2559 2225 1 
124 311 1 
2884 2422 1 
2250 2250 1 
2975 3078 1 
34 261 1 
15 869 1 
1917 1573 1 
2349 2549 1 
3047 3202 1 
391 695 1 
2264 2952 1 
3124 1699 1 
2669 2671 1 
917 78 1 
877 2402 1 
280 2970 1 
298 803 1 
440 598 1 
1658 1360 1 
1633 2169 1 
2122 1300 1 
1382 2080 1 
523 988 1 
699 86 1 
276 29 1 
373 1008 1 
1943 1051 1 
917 6 1 
265 816 1 
296 476 1 
294 214 1 
2837 2359 1 
781 1283 1 
12 946 1 
405 406 1 
3259 342 1 
523 617 1 
647 2150 1 
1731 1193 1 
888 1282 1 
2554 2406 1 
1777 1108 1 
2149 1204 1 
2785 2554 1 
2687 688 1 
365 104 1 
1760 1947 1 
291 164 1 
523 620 1 
705 752 1 
660 331 1 
2554 2403 1 
2594 63 1 
748 517 1 
2696 2213 1 
1517 1343 1 
2778 2273 1 
855 855 1 
1980 1515 1 
746 252 1 
411 117 1 
1980 1979 1 
1069 1516 1 
2785 2403 1 
1904 1625 1 
877 66 1 
391 774 1 
1518 1269 1 
1384 1273 1 
2222 2666 1 
746 806 1 
2659 1533 1 
276 107 1 
2084 1357 1 
2585 2673 1 
440 260 1 
1101 1580 1 
700 106 1 
1894 1895 1 
1091 1609 1 
266 70 1 
2102 2103 1 
2351 2794 1 
472 263 1 
2088 2087 1 
3262 3264 1 
675 77 1 
472 1384 1 
1039 1175 1 
2199 2199 1 
1867 1142 1 
1737 1315 1 
906 3042 1 
3108 2442 1 
2760 2611 1 
231 622 1 
1056 1963 1 
2279 687 1 
2931 2472 1 
151 327 1 
124 670 1 
1587 1588 1 
1635 2140 1 
3266 3001 1 
2333 1174 1 
3289 3288 1 
696 1302 1 
783 2640 1 
3034 2541 1 
2303 2285 1 
3052 3055 1 
848 485 1 
339 889 1 
1006 921 1 
2685 2379 1 
2028 1066 1 
2213 2424 1 
2395 2398 1 
617 715 1 
446 195 1 
267 686 1 
3293 3293 1 
843 843 1 
2369 2369 1 
1467 2046 1 
2557 3256 1 
1904 1966 1 
717 2962 1 
2230 2598 1 
10 971 1 
1813 1814 1 
2232 2232 1 
479 869 1 
1641 1811 1 
430 733 1 
1081 1196 1 
1461 1762 1 
943 731 1 
920 1011 1 
848 520 1 
330 822 1 
1279 2021 1 
1025 1528 1 
3237 2481 1 
2323 3204 1 
524 262 1 
1950 1949 1 
789 936 1 
2050 1965 1 
644 867 1 
2979 2979 1 
1851 1999 1 
3282 3223 1 
793 860 1 
1654 1238 1 
2106 1145 1 
1151 1237 1 
2927 3250 1 
1578 1088 1 
1729 1730 1 
567 772 1 
1658 1738 1 
1512 2135 1 
1757 1785 1 
1637 1290 1 
2594 3167 1 
109 2126 1 
1436 1437 1 
38 1725 1 
391 897 1 
442 2766 1 
873 214 1 
179 229 1 
2047 1134 1 
305 635 1 
748 911 1 
853 566 1 
3173 2404 1 
746 357 1 
847 171 1 
748 805 1 
1876 1989 1 
2805 2525 1 
918 151 1 
2417 2630 1 
506 70 1 
1909 1167 1 
1227 593 1 
764 94 1 
46 734 1 
800 333 1 
472 1200 1 
683 211 1 
324 513 1 
954 416 1 
2594 1313 1 
3168 2335 1 
86 620 1 
418 454 1 
339 903 1 
2943 2916 1 
2754 2419 1 
1471 1706 1 
752 753 1 
1589 1236 1 
503 756 1 
1619 1453 1 
2260 2428 1 
632 71 1 
503 509 1 
764 51 1 
1159 1462 1 
861 862 1 
391 577 1 
365 524 1 
2999 3110 1 
391 518 1 
1736 1738 1 
2259 2477 1 
1614 1191 1 
58 1254 1 
1501 1237 1 
2161 1969 1 
2127 2128 1 
9 869 1 
41 147 1 
3086 2648 1 
2670 3192 1 
920 765 1 
811 247 1 
848 528 1 
2867 3182 1 
700 99 1 
1032 1646 1 
2570 2730 1 
390 585 1 
2509 2216 1 
2778 3089 1 
518 252 1 
29 55 1 
3148 3151 1 
666 728 1 
402 401 1 
440 168 1 
3096 3097 1 
3031 2305 1 
818 1003 1 
532 533 1 
391 773 1 
806 805 1 
442 881 1 
391 702 1 
1600 1686 1 
987 643 1 
2956 2761 1 
3263 1824 1 
1364 1947 1 
2956 3174 1 
895 74 1 
901 811 1 
697 615 1 
2932 2493 1 
1543 1423 1 
1533 1287 1 
472 698 1 
713 936 1 
273 828 1 
355 1959 1 
31 1651 1 
620 221 1 
3096 3183 1 
961 712 1 
2041 2029 1 
1058 1255 1 
1919 1812 1 
279 1268 1 
894 704 1 
1489 1873 1 
2340 2597 1 
1194 1549 1 
2221 2221 1 
869 633 1 
555 107 1 
832 835 1 
715 106 1 
1495 2126 1 
3144 2965 1 
700 907 1 
1039 1683 1 
2007 1572 1 
1858 1967 1 
849 985 1 
2176 2123 1 
292 1715 1 
746 517 1 
609 414 1 
2652 2995 1 
36 501 1 
1744 2395 1 
442 1237 1 
373 108 1 
365 912 1 
70 356 1 
2023 2023 1 
354 422 1 
422 1263 1 
470 698 1 
1522 3256 1 
1179 1179 1 
607 200 1 
981 991 1 
848 827 1 
105 130 1 
866 1217 1 
1374 1153 1 
1945 1179 1 
1529 1256 1 
1176 1386 1 
1517 2471 1 
2809 2355 1 
1 100 1 
1696 1691 1 
2456 2852 1 
2746 3116 1 
1662 1099 1 
1374 1374 1 
748 912 1 
3044 2981 1 
1679 2000 1 
848 742 1 
2803 3093 1 
3213 2209 1 
849 110 1 
769 729 1 
3203 2541 1 
1130 1938 1 
1 785 1 
2560 3121 1 
906 733 1 
2814 2466 1 
1511 1701 1 
279 445 1 
399 821 1 
1151 1295 1 
288 693 1 
440 415 1 
3028 3027 1 
1377 1803 1 
2728 2914 1 
23 600 1 
1207 1607 1 
781 1651 1 
2616 2616 1 
2956 2504 1 
280 211 1 
823 145 1 
384 385 1 
754 812 1 
391 99 1 
572 96 1 
1885 1886 1 
2200 3026 1 
621 622 1 
273 263 1 
1175 1201 1 
1711 1513 1 
98 6 1 
1839 1838 1 
3286 2366 1 
1095 1677 1 
448 257 1 
2662 2662 1 
1498 1498 1 
1936 1937 1 
1062 1944 1 
3044 186 1 
748 806 1 
1591 1129 1 
1 784 1 
423 988 1 
1668 3029 1 
565 976 1 
557 463 1 
969 728 1 
768 468 1 
928 148 1 
231 147 1 
662 736 1 
3287 2380 1 
715 154 1 
2345 2457 1 
297 656 1 
442 1802 1 
365 383 1 
326 327 1 
1865 1553 1 
2600 3094 1 
3 963 1 
1616 1615 1 
419 142 1 
2739 2409 1 
1773 1218 1 
448 801 1 
2236 2993 1 
1034 1760 1 
1115 2105 1 
1931 1488 1 
2541 2470 1 
877 993 1 
843 897 1 
1911 1912 1 
1990 1515 1 
523 154 1 
781 1204 1 
30 819 1 
484 517 1 
3268 3267 1 
2957 2951 1 
2518 2368 1 
1044 1139 1 
2617 2615 1 
1861 1237 1 
1544 2461 1 
440 872 1 
2715 2940 1 
1038 1310 1 
1482 2140 1 
3153 3153 1 
266 656 1 
854 1253 1 
1579 1531 1 
1797 1327 1 
694 406 1 
823 361 1 
1521 1234 1 
980 936 1 
1135 1423 1 
391 728 1 
391 249 1 
1692 1993 1 
3210 2394 1 
662 853 1 
1925 1912 1 
699 669 1 
761 194 1 
1684 1685 1 
660 209 1 
1392 1583 1 
1688 422 1 
23 336 1 
14 251 1 
2051 2007 1 
451 711 1 
1151 1263 1 
1518 1332 1 
1853 1341 1 
3097 3098 1 
781 1665 1 
3211 2971 1 
2706 2865 1 
3287 2865 1 
3279 2702 1 
2167 1171 1 
868 869 1 
1992 1922 1 
375 95 1 
3029 780 1 
296 536 1 
2354 2566 1 
1921 1664 1 
1009 456 1 
1897 2052 1 
2885 2885 1 
1989 1988 1 
773 356 1 
391 168 1 
573 698 1 
127 618 1 
3072 2270 1 
350 576 1 
507 940 1 
2834 2745 1 
80 2678 1 
849 510 1 
320 136 1 
1525 1255 1 
2988 2731 1 
2804 2804 1 
2513 2183 1 
555 470 1 
3178 3179 1 
848 139 1 
2647 2283 1 
276 154 1 
1005 503 1 
3068 3066 1 
1646 1032 1 
1887 1945 1 
1493 1158 1 
749 68 1 
2595 2326 1 
2958 2960 1 
2542 2543 1 
1769 1100 1 
967 187 1 
1603 1830 1 
706 433 1 
683 92 1 
489 965 1 
1421 1771 1 
1081 1584 1 
296 733 1 
769 1877 1 
800 709 1 
1694 1261 1 
1384 1957 1 
1881 1258 1 
417 880 1 
1561 342 1 
2875 3106 1 
760 721 1 
654 226 1 
1732 1732 1 
1445 1441 1 
2132 2130 1 
2742 2412 1 
1919 1189 1 
3082 3083 1 
364 364 1 
185 587 1 
906 2729 1 
848 50 1 
1457 1236 1 
639 129 1 
145 454 1 
1973 1610 1 
2262 2357 1 
3147 3151 1 
1626 1316 1 
1953 1953 1 
402 403 1 
1688 1237 1 
1204 1965 1 
1726 1428 1 
823 474 1 
353 2584 1 
678 1748 1 
2034 2033 1 
35 829 1 
1638 1376 1 
974 197 1 
1696 1829 1 
1417 1432 1 
2581 2580 1 
2146 2055 1 
1753 1950 1 
3141 2372 1 
2007 2006 1 
1895 1894 1 
764 428 1 
269 669 1 
1624 1624 1 
2362 2557 1 
1519 1520 1 
1293 1954 1 
24 310 1 
10 203 1 
1981 2034 1 
770 797 1 
569 159 1 
327 918 1 
1186 1946 1 
2587 2587 1 
616 289 1 
275 736 1 
1717 1146 1 
1987 1748 1 
1633 1802 1 
339 581 1 
863 475 1 
1408 1180 1 
1422 1217 1 
1702 150 1 
728 729 1 
1990 2150 1 
1151 422 1 
1543 1981 1 
1044 1894 1 
664 832 1 
715 68 1 
484 155 1 
2190 2304 1 
2170 2167 1 
1851 1938 1 
2351 2908 1 
1550 1625 1 
3306 2655 1 
1718 1888 1 
678 1395 1 
2011 2012 1 
699 701 1 
185 1250 1 
1048 1637 1 
987 85 1 
2015 1034 1 
365 463 1 
2441 2426 1 
1510 1263 1 
3158 2314 1 
448 214 1 
1586 1630 1 
32 298 1 
800 641 1 
292 928 1 
3125 2261 1 
1406 1446 1 
100 953 1 
1661 1662 1 
1612 2156 1 
2321 2402 1 
2229 3300 1 
651 958 1 
1464 1591 1 
219 2639 1 
124 548 1 
448 297 1 
2935 3271 1 
80 2461 1 
927 484 1 
732 908 1 
179 237 1 
1732 1681 1 
1919 2096 1 
1650 1651 1 
1107 1133 1 
1707 1259 1 
1161 2084 1 
3275 2352 1 
1529 2739 1 
665 503 1 
700 517 1 
2004 2003 1 
613 570 1 
2300 2254 1 
1094 2027 1 
472 128 1 
276 1001 1 
1436 2009 1 
892 925 1 
390 197 1 
774 452 1 
2842 2843 1 
296 772 1 
906 2671 1 
758 759 1 
3241 3223 1 
973 3280 1 
472 803 1 
2796 1242 1 
1919 2176 1 
1863 1431 1 
2930 2868 1 
1708 1230 1 
1858 1859 1 
1457 1589 1 
3084 3085 1 
1067 1964 1 
3021 937 1 
31 2065 1 
1529 1479 1 
292 517 1 
1616 1412 1 
557 2267 1 
111 585 1 
3200 3200 1 
523 107 1 
3163 2461 1 
2099 1277 1 
783 755 1 
2495 3041 1 
392 190 1 
632 751 1 
125 882 1 
662 329 1 
817 724 1 
174 109 1 
57 3292 1 
288 171 1 
384 109 1 
17 146 1 
3023 2225 1 
202 2126 1 
1274 1455 1 
554 1952 1 
1732 1659 1 
679 45 1 
86 367 1 
1078 1528 1 
87 586 1 
904 686 1 
717 136 1 
58 1770 1 
1694 1845 1 
1871 1338 1 
1986 1585 1 
2189 3301 1 
2214 3259 1 
1144 1981 1 
66 153 1 
548 160 1 
1121 1605 1 
746 912 1 
90 549 1 
2041 2030 1 
773 747 1 
1816 1993 1 
298 798 1 
1057 1162 1 
417 147 1 
655 256 1 
38 829 1 
472 542 1 
472 2222 1 
632 989 1 
1788 1255 1 
1006 2861 1 
823 146 1 
2188 2667 1 
1041 1079 1 
1968 1968 1 
2700 2442 1 
355 2771 1 
2407 2407 1 
3037 2502 1 
849 981 1 
826 322 1 
613 965 1 
496 744 1 
1407 1942 1 
2789 2788 1 
2051 2033 1 
273 311 1 
2679 2397 1 
2050 1253 1 
1726 2025 1 
294 779 1 
2050 2176 1 
2892 2254 1 
390 637 1 
159 971 1 
2253 3311 1 
2468 2471 1 
679 380 1 
1896 780 1 
1466 1299 1 
1056 1962 1 
658 936 1 
877 1725 1 
719 878 1 
773 897 1 
2617 2618 1 
2050 1309 1 
1510 325 1 
1901 1812 1 
1016 1237 1 
2856 200 1 
294 652 1 
2815 2816 1 
858 776 1 
2724 2723 1 
611 136 1 
1375 1980 1 
1016 1440 1 
2005 1572 1 
933 387 1 
538 656 1 
2251 2905 1 
661 41 1 
847 849 1 
923 897 1 
2864 3132 1 
782 2586 1 
2274 2274 1 
68 106 1 
680 681 1 
41 149 1 
789 876 1 
3203 3204 1 
1465 1762 1 
1917 1423 1 
851 605 1 
877 726 1 
489 40 1 
1154 1330 1 
438 712 1 
1858 1194 1 
2777 2268 1 
1415 1369 1 
612 951 1 
502 1008 1 
391 156 1 
280 3007 1 
2119 2025 1 
1635 1101 1 
658 657 1 
440 446 1 
2019 1296 1 
101 681 1 
1257 1819 1 
2782 2393 1 
849 815 1 
2487 2584 1 
1344 405 1 
3066 3067 1 
1074 1076 1 
1407 1368 1 
1600 1951 1 
1621 2139 1 
2659 1532 1 
296 237 1 
1421 433 1 
1142 1249 1 
2362 3256 1 
1084 1084 1 
2596 2326 1 
2373 2373 1 
1658 1736 1 
2405 2961 1 
1035 1667 1 
1913 1151 1 
292 154 1 
185 55 1 
440 333 1 
32 2666 1 
2289 2312 1 
2586 2585 1 
955 380 1 
2823 2823 1 
2020 1399 1 
1068 1237 1 
1638 1639 1 
683 240 1 
848 243 1 
2997 2544 1 
1973 1644 1 
482 52 1 
856 1676 1 
616 307 1 
2869 2467 1 
1858 578 1 
365 747 1 
663 878 1 
391 148 1 
98 64 1 
1800 1808 1 
1635 27 1 
411 976 1 
409 517 1 
2689 2410 1 
1471 1955 1 
1138 1965 1 
917 662 1 
2918 2302 1 
488 272 1 
1353 1208 1 
1505 1933 1 
806 747 1 
3044 2420 1 
3235 3206 1 
3104 3105 1 
38 2465 1 
823 126 1 
700 702 1 
330 949 1 
2532 2534 1 
699 695 1 
388 203 1 
46 752 1 
2345 2625 1 
1179 1872 1 
103 268 1 
2456 862 1 
1386 1386 1 
2933 2863 1 
823 243 1 
1006 52 1 
374 3015 1 
52 517 1 
3219 2434 1 
986 351 1 
1470 687 1 
1484 2117 1 
391 745 1 
423 154 1 
1546 81 1 
345 2571 1 
1665 1922 1 
852 544 1 
264 426 1 
877 2105 1 
1660 1660 1 
2119 775 1 
2848 1808 1 
2244 3075 1 
3156 2430 1 
3104 3275 1 
1706 1705 1 
1998 1180 1 
2840 2841 1 
781 2150 1 
1254 1254 1 
730 731 1 
1917 854 1 
185 423 1 
987 996 1 
632 242 1 
355 2581 1 
596 595 1 
264 345 1 
585 387 1 
788 723 1 
541 785 1 
2616 2617 1 
2619 2618 1 
6 604 1 
1298 1726 1 
276 698 1 
671 206 1 
1616 1043 1 
3081 3080 1 
576 550 1 
340 814 1 
800 366 1 
1615 1774 1 
1038 1043 1 
497 143 1 
848 984 1 
2082 1877 1 
644 315 1 
1420 1922 1 
370 652 1 
273 888 1 
1039 1637 1 
1977 2000 1 
382 607 1 
379 2597 1 
749 107 1 
2859 2465 1 
33 846 1 
80 1020 1 
1634 775 1 
2980 2600 1 
2247 3035 1 
391 304 1 
1695 1811 1 
41 626 1 
2522 2558 1 
1415 1026 1 
1932 2421 1 
800 640 1 
1832 1337 1 
2812 2227 1 
1069 1719 1 
442 1479 1 
2108 2109 1 
2539 2310 1 
931 940 1 
48 214 1 
2750 3265 1 
299 765 1 
1859 3275 1 
3213 3214 1 
472 339 1 
3152 3147 1 
429 674 1 
768 474 1 
2928 2364 1 
2050 1846 1 
264 312 1 
2315 3283 1 
773 707 1 
483 482 1 
1876 1617 1 
472 273 1 
2334 2501 1 
2325 3075 1 
417 143 1 
1032 1488 1 
2313 3149 1 
647 1896 1 
674 803 1 
2956 2955 1 
52 439 1 
1205 1209 1 
312 2530 1 
484 254 1 
1005 803 1 
3086 2211 1 
939 395 1 
929 652 1 
2573 3193 1 
3187 2962 1 
766 364 1 
523 698 1 
1510 328 1 
33 688 1 
864 866 1 
3242 3243 1 
1357 2062 1 
25 953 1 
1387 1359 1 
815 817 1 
339 656 1 
280 3006 1 
2521 3025 1 
35 830 1 
1805 1335 1 
145 142 1 
1152 1302 1 
3139 2550 1 
440 526 1 
1269 2121 1 
1221 1076 1 
2956 2949 1 
461 155 1 
2007 2110 1 
1813 1174 1 
506 79 1 
2149 2151 1 
848 844 1 
906 769 1 
617 572 1 
699 620 1 
2710 2682 1 
3154 2461 1 
3085 3082 1 
2687 2386 1 
962 1489 1 
815 787 1 
391 222 1 
3274 2238 1 
1920 1921 1 
686 593 1 
89 780 1 
767 669 1 
692 936 1 
700 670 1 
391 95 1 
3281 2331 1 
590 141 1 
292 471 1 
1097 1491 1 
391 701 1 
543 792 1 
1737 1360 1 
1906 1361 1 
420 361 1 
276 470 1 
629 1462 1 
655 241 1 
1769 1768 1 
906 2082 1 
2389 2389 1 
463 829 1 
847 851 1 
848 985 1 
410 192 1 
660 1010 1 
1388 1074 1 
683 570 1 
2113 1333 1 
64 950 1 
2720 2719 1 
1820 2049 1 
746 439 1 
106 181 1 
1976 1974 1 
2208 2633 1 
2336 3248 1 
575 96 1 
1438 1389 1 
331 138 1 
1635 2245 1 
292 747 1 
28 394 1 
1899 1900 1 
644 137 1 
2798 2250 1 
655 203 1 
1781 1289 1 
86 698 1 
1539 1249 1 
1126 1251 1 
2197 56 1 
1465 1185 1 
1344 1413 1 
442 2448 1 
760 194 1 
355 354 1 
1518 1336 1 
180 298 1 
2081 1301 1 
1407 1659 1 
1839 1835 1 
3042 771 1 
1005 2317 1 
87 273 1 
3100 3099 1 
848 596 1 
3020 2868 1 
374 3016 1 
54 162 1 
888 263 1 
699 575 1 
1756 1836 1 
1237 775 1 
2318 2458 1 
2895 2267 1 
411 412 1 
49 107 1 
849 516 1 
440 439 1 
994 606 1 
1424 1846 1 
699 573 1 
1084 1441 1 
1311 2117 1 
749 957 1 
1084 1440 1 
292 68 1 
1407 1315 1 
2983 2708 1 
1810 1975 1 
1452 1288 1 
1012 2030 1 
365 483 1 
1485 1347 1 
863 91 1 
664 644 1 
2777 2776 1 
848 507 1 
548 591 1 
267 298 1 
473 143 1 
273 104 1 
1048 1680 1 
1194 2113 1 
1050 1050 1 
934 248 1 
292 591 1 
366 2447 1 
718 181 1 
388 435 1 
757 390 1 
823 282 1 
617 2019 1 
1043 1038 1 
2938 2660 1 
1529 2766 1 
601 672 1 
22 1679 1 
1638 1319 1 
1102 1841 1 
644 65 1 
810 809 1 
2203 2461 1 
3053 2511 1 
391 52 1 
185 715 1 
3030 3030 1 
1668 1327 1 
284 312 1 
3189 2248 1 
632 227 1 
796 2383 1 
88 88 1 
1513 1825 1 
330 662 1 
365 303 1 
2806 2806 1 
1042 2037 1 
414 2869 1 
1650 1273 1 
1421 2700 1 
1658 1585 1 
1224 1712 1 
7 683 1 
909 853 1 
1149 1404 1 
1920 1722 1 
2825 2978 1 
800 778 1 
1754 1950 1 
1478 1910 1 
398 779 1 
848 530 1 
2246 2391 1 
987 944 1 
554 2792 1 
1631 15 1 
388 651 1 
1375 1063 1 
1734 1745 1 
2814 2439 1 
1691 1529 1 
698 225 1 
1019 1525 1 
638 553 1 
267 733 1 
1893 1297 1 
41 178 1 
174 515 1 
3240 2773 1 
264 797 1 
266 502 1 
484 190 1 
1047 1903 1 
2050 1704 1 
706 1421 1 
609 579 1 
1169 2107 1 
1668 3154 1 
1973 1965 1 
578 3210 1 
856 2283 1 
656 509 1 
461 3160 1 
3017 3018 1 
3229 2457 1 
614 956 1 
939 507 1 
1381 1379 1 
2836 2371 1 
692 1010 1 
740 739 1 
1387 1759 1 
2001 1846 1 
1925 1405 1 
365 518 1 
1929 1791 1 
32 3029 1 
3086 994 1 
770 687 1 
1529 1724 1 
1997 1180 1 
1047 1533 1 
1917 1706 1 
1424 1543 1 
87 462 1 
997 753 1 
106 177 1 
2830 2459 1 
1115 2060 1 
575 550 1 
609 598 1 
1460 1105 1 
1613 1264 1 
1790 2364 1 
301 419 1 
319 598 1 
1457 1233 1 
440 365 1 
856 3108 1 
2563 2564 1 
1978 2027 1 
759 194 1 
1542 1541 1 
1207 1605 1 
1109 1677 1 
735 734 1 
644 808 1 
1776 1777 1 
2824 2611 1 
2642 186 1 
789 90 1 
2574 2966 1 
2317 2407 1 
843 181 1 
430 1513 1 
440 303 1 
391 526 1 
1558 1559 1 
3132 3131 1 
1358 2775 1 
2078 2176 1 
298 3016 1 
425 427 1 
1231 1812 1 
361 362 1 
276 988 1 
460 574 1 
2234 3159 1 
391 318 1 
955 738 1 
1461 1980 1 
700 701 1 
1879 1097 1 
2065 2066 1 
32 2083 1 
1590 1129 1 
567 803 1 
365 702 1 
445 95 1 
70 357 1 
2529 2343 1 
3145 2284 1 
1 586 1 
3004 3004 1 
2170 1134 1 
699 482 1 
2439 2466 1 
740 236 1 
540 461 1 
440 681 1 
1060 1015 1 
1600 1614 1 
1389 1984 1 
297 70 1 
945 259 1 
1733 1986 1 
439 252 1 
65 92 1 
877 3304 1 
2902 3280 1 
2158 1232 1 
800 708 1 
281 918 1 
1 382 1 
2799 3244 1 
582 581 1 
1102 1865 1 
506 563 1 
1001 957 1 
3180 3180 1 
1081 1190 1 
700 55 1 
65 570 1 
1930 2079 1 
506 31 1 
2740 2708 1 
442 1532 1 
609 168 1 
973 972 1 
2546 3275 1 
1679 687 1 
219 1248 1 
1046 1454 1 
686 846 1 
848 187 1 
2193 2489 1 
1702 325 1 
1668 2329 1 
832 887 1 
2313 3150 1 
2737 2477 1 
1066 1094 1 
1440 1441 1 
1761 1954 1 
376 631 1 
448 968 1 
1439 1330 1 
1880 2013 1 
1971 1972 1 
933 870 1 
888 1952 1 
1647 1322 1 
2819 2820 1 
264 770 1 
484 707 1 
3162 2296 1 
434 916 1 
180 268 1 
515 384 1 
1702 151 1 
2665 2045 1 
185 1000 1 
2204 2912 1 
583 201 1 
1616 1038 1 
391 681 1 
231 626 1 
2084 1638 1 
1407 1738 1 
391 699 1 
443 107 1 
472 3016 1 
291 253 1 
815 885 1 
1369 1415 1 
682 232 1 
593 236 1 
610 3163 1 
906 89 1 
2051 1333 1 
769 728 1 
987 62 1 
1623 1623 1 
2769 2316 1 
617 573 1 
1397 1237 1 
2879 2562 1 
609 640 1 
1013 2182 1 
987 751 1 
1684 1326 1 
23 456 1 
2786 2406 1 
1942 1245 1 
1462 1244 1 
918 327 1 
584 159 1 
338 676 1 
292 318 1 
2022 2080 1 
279 2465 1 
700 1000 1 
1398 2094 1 
1061 1124 1 
1645 1720 1 
2614 2606 1 
567 771 1 
662 909 1 
2833 3201 1 
1501 1089 1 
3273 2768 1 
3108 2841 1 
379 948 1 
630 630 1 
2236 2236 1 
1375 1727 1 
2307 2357 1 
1510 326 1 
1627 1773 1 
185 1001 1 
3257 2654 1 
906 1235 1 
2605 2767 1 
2099 2072 1 
999 107 1 
1656 1423 1 
523 29 1 
487 486 1 
1461 1782 1 
567 153 1 
1978 1328 1 
411 571 1 
2092 2065 1 
440 518 1 
3126 2391 1 
3120 2337 1 
1708 2276 1 
1469 1468 1 
523 1001 1 
647 2065 1 
1006 1337 1 
390 974 1 
592 218 1 
1 691 1 
545 546 1 
1424 1286 1 
327 592 1 
356 357 1 
1427 2120 1 
1980 2150 1 
1414 1217 1 
411 175 1 
33 687 1 
705 564 1 
3186 2865 1 
1352 1894 1 
815 189 1 
2565 2360 1 
534 733 1 
161 855 1 
716 611 1 
1625 1550 1 
2053 1591 1 
1857 1869 1 
3002 3308 1 
2435 2768 1 
3168 3169 1 
1728 1515 1 
1002 378 1 
3291 3168 1 
1480 1481 1 
995 991 1 
1936 1577 1 
340 1859 1 
545 15 1 
426 427 1 
414 2467 1 
365 698 1 
1756 1837 1 
2081 1334 1 
2727 2558 1 
3013 2419 1 
1546 1428 1 
1120 1120 1 
630 351 1 
1533 1303 1 
153 574 1 
2687 687 1 
461 2362 1 
1600 1077 1 
902 556 1 
365 252 1 
2811 2526 1 
716 136 1 
1 416 1 
2830 2934 1 
1578 1495 1 
23 470 1 
1255 1722 1 
856 734 1 
1768 1100 1 
2807 2808 1 
1569 236 1 
264 123 1 
3044 3112 1 
2225 2780 1 
1447 1448 1 
1079 1601 1 
781 1789 1 
1417 2158 1 
534 535 1 
1044 2140 1 
1039 1108 1 
3260 2478 1 
2172 2173 1 
3031 3031 1 
2590 2590 1 
2593 3297 1 
59 181 1 
3049 2291 1 
715 1001 1 
538 381 1 
2065 1922 1 
927 254 1 
1169 2097 1 
417 454 1 
3126 2535 1 
282 419 1 
815 808 1 
41 481 1 
3179 2429 1 
2242 2692 1 
928 457 1 
3073 3072 1 
588 809 1 
1600 1601 1 
1732 1658 1 
848 521 1 
689 842 1 
662 192 1 
2833 3161 1 
1550 979 1 
3233 3234 1 
848 47 1 
423 470 1 
2531 2530 1 
609 239 1 
1048 1777 1 
180 1992 1 
279 311 1 
705 144 1 
970 685 1 
2198 2505 1 
3100 2676 1 
1414 1241 1 
1865 1096 1 
1531 1186 1 
613 966 1 
3155 2460 1 
1527 1762 1 
89 2000 1 
2931 2981 1 
2260 2443 1 
391 508 1 
1380 1606 1 
2286 2617 1 
219 726 1 
2007 1423 1 
423 634 1 
774 774 1 
1868 1867 1 
1350 2125 1 
80 104 1 
619 241 1 
1725 1268 1 
397 214 1 
1761 1855 1 
754 228 1 
1839 1837 1 
2972 2418 1 
2592 822 1 
2726 2726 1 
849 817 1 
1030 1110 1 
2658 2659 1 
3086 2276 1 
1407 1737 1 
768 495 1 
38 183 1 
80 1725 1 
1417 1145 1 
339 108 1 
1862 1267 1 
906 1232 1 
424 953 1 
1313 1020 1 
1950 1629 1 
1513 306 1 
219 2402 1 
2551 3006 1 
848 44 1 
964 2130 1 
2379 2684 1 
2138 1212 1 
2047 2048 1 
657 167 1 
675 73 1 
1705 1286 1 
2689 2690 1 
917 275 1 
851 314 1 
2712 2466 1 
833 18 1 
1565 1566 1 
2717 2718 1 
1115 2059 1 
391 177 1 
980 886 1 
906 803 1 
3079 2745 1 
1016 1441 1 
978 356 1 
350 1178 1 
2716 2476 1 
2396 3182 1 
1668 2461 1 
2924 2693 1 
2243 2666 1 
1635 1635 1 
3203 3034 1 
864 865 1 
700 86 1 
749 49 1 
2828 2874 1 
391 415 1 
423 106 1 
2070 2069 1 
888 1999 1 
1137 1495 1 
1274 1669 1 
2774 2784 1 
1388 1170 1 
1807 1806 1 
1005 1598 1 
1682 1410 1 
2813 2540 1 
1711 1173 1 
848 19 1 
2791 2858 1 
1350 1291 1 
990 991 1 
700 843 1 
555 59 1 
1280 780 1 
87 770 1 
180 1651 1 
1294 1931 1 
523 470 1 
933 203 1 
700 35 1 
554 2162 1 
3147 3296 1 
1760 1487 1 
647 1651 1 
2664 2665 1 
1001 68 1 
1804 1223 1 
391 505 1 
3021 2532 1 
764 826 1 
2984 2987 1 
829 2461 1 
2583 2663 1 
754 161 1 
457 148 1 
552 681 1 
781 1992 1 
848 762 1 
1224 2100 1 
386 203 1 
1736 1315 1 
987 981 1 
448 922 1 
349 631 1 
2895 557 1 
1638 2027 1 
2491 2579 1 
1561 1669 1 
10 821 1 
2053 1464 1 
573 842 1 
957 1895 1 
1653 1869 1 
1990 1242 1 
2838 2883 1 
1523 1320 1 
1707 611 1 
1479 1440 1 
1121 1211 1 
2786 2554 1 
1056 1964 1 
330 98 1 
2127 2063 1 
30 741 1 
3236 2215 1 
1919 1854 1 
802 755 1 
770 686 1 
2492 2224 1 
391 445 1 
423 29 1 
430 602 1 
460 698 1 
3170 3016 1 
70 517 1 
987 960 1 
933 241 1 
185 107 1 
823 418 1 
180 1076 1 
3044 2910 1 
906 2687 1 
266 108 1 
2035 1290 1 
1476 2037 1 
1647 1263 1 
1121 1257 1 
2941 3077 1 
420 282 1 
151 150 1 
2863 2933 1 
1369 1477 1 
1711 1410 1 
62 945 1 
3122 3123 1 
617 1715 1 
1415 1477 1 
644 815 1 
1745 1379 1 
453 606 1 
2170 1171 1 
1840 1326 1 
3151 3147 1 
848 981 1 
2734 2747 1 
596 594 1 
2585 2587 1 
694 402 1 
1690 1831 1 
2015 1760 1 
1835 1838 1 
374 446 1 
231 481 1 
848 182 1 
1046 1706 1 
1923 1902 1 
1563 1322 1 
391 183 1 
2542 2945 1 
2822 2269 1 
2089 1373 1 
267 906 1 
1462 2006 1 
1383 1345 1 
906 698 1 
726 2401 1 
3085 3083 1 
1824 1652 1 
179 233 1 
21 7 1 
1620 1189 1 
1052 1254 1 
1871 1179 1 
1906 1028 1 
1520 1304 1 
365 471 1 
699 181 1 
3090 2713 1 
296 233 1 
1048 1443 1 
279 183 1 
1848 1791 1 
1407 1365 1 
2899 2363 1 
641 640 1 
1979 1450 1 
365 919 1 
883 780 1 
1458 1551 1 
174 385 1 
899 198 1 
2931 2420 1 
1870 1874 1 
1737 1584 1 
1047 1287 1 
918 113 1 
1417 1285 1 
1483 1483 1 
121 635 1 
1099 134 1 
3292 2319 1 
270 81 1 
1771 1299 1 
2490 2392 1 
2634 2578 1 
1016 2094 1 
493 571 1 
987 936 1 
1763 1912 1 
599 152 1 
3126 2484 1 
848 713 1 
1818 1624 1 
616 3206 1 
1969 475 1 
33 698 1 
629 1244 1 
1852 2996 1 
1015 1379 1 
297 26 1 
1402 1402 1 
839 202 1 
1627 1225 1 
751 713 1 
1051 1255 1 
3194 2295 1 
276 957 1 
150 327 1 
219 733 1 
1227 1323 1 
759 759 1 
2922 2923 1 
489 951 1 
363 972 1 
748 505 1 
2604 2603 1 
848 82 1 
715 957 1 
87 27 1 
451 452 1 
71 751 1 
2051 1981 1 
1471 2003 1 
1000 988 1 
173 1935 1 
2196 2210 1 
2320 2562 1 
1842 1184 1 
2956 1174 1 
391 551 1 
848 815 1 
1349 1354 1 
299 1011 1 
1005 902 1 
472 557 1 
292 337 1 
286 446 1 
1770 1175 1 
1085 2159 1 
2524 2432 1 
1798 1728 1 
515 324 1 
1584 1190 1 
642 158 1 
849 984 1 
632 412 1 
2259 2738 1 
817 122 1 
391 574 1 
25 948 1 
878 719 1 
3187 2382 1 
1638 1182 1 
660 242 1 
2624 2793 1 
1461 1219 1 
390 580 1 
2886 2886 1 
2581 2771 1 
616 3218 1 
1391 1673 1 
554 1922 1 
2652 693 1 
1986 1351 1 
673 2438 1 
31 1789 1 
793 30 1 
2873 2385 1 
484 919 1 
2050 2051 1 
2101 2103 1 
313 316 1 
1069 593 1 
298 542 1 
3126 2486 1 
3123 195 1 
2697 1868 1 
1732 1072 1 
2746 2589 1 
2056 2055 1 
499 240 1 
2084 1329 1 
2553 2457 1 
565 776 1 
823 419 1 
440 483 1 
58 1609 1 
543 102 1 
1398 3009 1 
2184 3157 1 
1607 1605 1 
1000 715 1 
1692 1994 1 
131 1499 1 
29 634 1 
3241 2436 1 
2656 2691 1 
838 836 1 
391 83 1 
1639 1638 1 
2111 2006 1 
906 2670 1 
3275 3014 1 
799 714 1 
1080 1743 1 
277 556 1 
555 831 1 
2569 2758 1 
1732 1315 1 
3022 2167 1 
1732 1081 1 
1805 1700 1 
692 500 1 
3125 1850 1 
1005 1337 1 
442 1724 1 
3148 3150 1 
644 39 1 
1224 1713 1 
2437 2437 1 
2488 3186 1 
794 794 1 
1800 1541 1 
2526 2447 1 
601 570 1 
933 655 1 
1015 1060 1 
1635 1894 1 
3062 3061 1 
1529 2971 1 
440 445 1 
2818 2473 1 
376 516 1 
1679 2074 1 
1446 2025 1 
3151 3150 1 
31 2150 1 
2146 1806 1 
3152 2220 1 
184 606 1 
1114 1396 1 
1547 1548 1 
1139 1802 1 
1639 2014 1 
2081 1706 1 
2741 2214 1 
1736 1360 1 
2653 2272 1 
3304 2400 1 
1 955 1 
599 600 1 
1866 1272 1 
489 570 1 
1779 1779 1 
292 357 1 
613 584 1 
1136 1748 1 
1744 1020 1 
1679 1282 1 
823 880 1 
2616 2286 1 
1504 1286 1 
1598 1599 1 
440 254 1 
1407 1734 1 
2341 726 1 
489 956 1 
701 620 1 
430 1711 1 
292 641 1 
941 940 1 
1717 1140 1 
58 1637 1 
1220 1237 1 
1800 2045 1 
774 707 1 
888 688 1 
1461 1141 1 
3190 2367 1 
1044 2166 1 
2160 2176 1 
1248 1331 1 
918 150 1 
2143 2145 1 
491 806 1 
286 897 1 
288 676 1 
2712 3245 1 
58 1982 1 
2695 2506 1 
2082 666 1 
934 971 1 
339 464 1 
391 620 1 
888 2000 1 
863 1851 1 
626 624 1 
3045 2217 1 
2714 2654 1 
2157 1073 1 
390 335 1 
3143 2770 1 
1407 1924 1 
3229 2625 1 
1035 1666 1 
1390 1147 1 
2051 1424 1 
1691 1123 1 
599 337 1 
1823 1131 1 
391 707 1 
440 517 1 
2986 2455 1 
472 1170 1 
1210 1749 1 
1499 131 1 
1004 248 1 
494 908 1 
2503 2378 1 
1760 1562 1 
2 154 1 
293 234 1 
1034 2015 1 
2833 3162 1 
2339 3060 1 
277 70 1 
2888 2425 1 
406 2135 1 
2120 1537 1 
2020 1401 1 
696 1961 1 
1861 1669 1 
2515 2600 1 
2552 2552 1 
3196 2747 1 
613 53 1 
496 980 1 
888 687 1 
1745 1015 1 
1419 1307 1 
1674 1959 1 
2156 1612 1 
1635 2166 1 
3291 2445 1 
1344 1882 1 
2970 1898 1 
430 285 1 
1384 1650 1 
401 406 1 
1471 1956 1 
898 558 1 
1561 1819 1 
26 656 1 
540 87 1 
2785 3095 1 
391 107 1 
489 368 1 
616 593 1 
1772 2124 1 
2658 1287 1 
292 695 1 
384 515 1 
298 505 1 
1313 1494 1 
925 223 1 
29 106 1 
2510 3302 1 
2669 2670 1 
754 196 1 
662 98 1 
2711 2762 1 
1000 999 1 
1517 1330 1 
2753 2890 1 
391 813 1 
1703 1704 1 
699 96 1 
2838 2839 1 
1949 1826 1 
578 966 1 
2023 1791 1 
2551 3005 1 
1788 1053 1 
1204 1433 1 
1117 1894 1 
848 410 1 
1516 1749 1 
2377 2966 1 
2866 947 1 
1407 1081 1 
1629 207 1 
2599 2549 1 
515 869 1 
1501 1071 1 
732 980 1 
349 171 1 
617 8 1 
52 598 1 
2541 3034 1 
863 1130 1 
755 803 1 
306 229 1 
848 997 1 
1864 1337 1 
38 445 1 
3209 2792 1 
1417 1250 1 
1422 1934 1 
2848 2850 1 
2246 2484 1 
2011 2013 1 
959 845 1 
620 921 1 
202 384 1 
281 325 1 
575 573 1 
417 199 1 
2687 1715 1 
670 252 1 
1000 107 1 
145 147 1 
35 1588 1 
848 817 1 
1919 2149 1 
739 2666 1 
489 490 1 
1022 1177 1 
1046 1981 1 
555 423 1 
1080 1246 1 
1750 1236 1 
1858 1127 1 
1547 1764 1 
674 840 1 
906 687 1 
522 702 1 
1391 1689 1 
365 254 1 
339 902 1 
2659 2658 1 
2988 531 1 
1 692 1 
662 618 1 
391 930 1 
42 2774 1 
1799 2109 1 
781 89 1 
80 461 1 
655 861 1 
477 476 1 
742 1010 1 
267 3192 1 
391 698 1 
22 681 1 
1059 1237 1 
1243 2119 1 
2376 2270 1 
554 674 1 
800 168 1 
1565 1111 1 
918 328 1 
1858 1860 1 
694 405 1 
892 2729 1 
1723 2069 1 
3230 3231 1 
184 3118 1 
87 1007 1 
518 311 1 
371 1338 1 
417 500 1 
475 91 1 
1046 1705 1 
3228 2347 1 
3097 3183 1 
1688 1509 1 
977 356 1 
1387 1567 1 
2376 3214 1 
2307 2307 1 
1067 1962 1 
815 867 1 
1865 1124 1 
2964 2835 1 
678 868 1 
391 558 1 
1732 1195 1 
496 76 1 
1207 1819 1 
3120 2757 1 
1936 1568 1 
13 509 1 
285 1514 1 
296 229 1 
1367 2044 1 
2670 687 1 
282 862 1 
2336 3201 1 
1717 1717 1 
525 972 1 
1129 1589 1 
736 78 1 
1520 1217 1 
1484 1311 1 
2082 1306 1 
484 245 1 
68 55 1 
949 329 1 
848 203 1 
1175 1426 1 
2791 2462 1 
3115 2240 1 
1006 1198 1 
2031 2091 1 
472 1233 1 
2765 3225 1 
1046 1955 1 
1429 1430 1 
848 584 1 
1665 1992 1 
3208 2258 1 
2628 3019 1 
2844 627 1 
371 136 1 
5 589 1 
1231 1192 1 
2084 1370 1 
1198 1588 1 
1393 1091 1 
1991 763 1 
1538 1395 1 
597 497 1 
1783 1577 1 
1497 1747 1 
1047 1303 1 
503 1008 1 
666 729 1 
1369 1416 1 
1367 1728 1 
1046 1945 1 
2136 1681 1 
1149 711 1 
3287 2722 1 
1915 1915 1 
1746 1270 1 
1795 1794 1 
644 314 1 
3261 3264 1 
3176 2325 1 
1889 1888 1 
1991 1312 1 
3295 2496 1 
781 1240 1 
630 631 1 
2051 2034 1 
1600 1079 1 
365 52 1 
1928 1786 1 
906 3192 1 
3189 3190 1 
748 482 1 
649 2866 1 
1047 2025 1 
489 488 1 
1084 1391 1 
2936 2181 1 
2913 2454 1 
700 1001 1 
2015 2016 1 
2942 2390 1 
1728 1812 1 
700 154 1 
917 37 1 
754 696 1 
748 747 1 
2604 2272 1 
472 32 1 
29 49 1 
849 349 1 
770 688 1 
2007 2111 1 
1639 1357 1 
3022 1530 1 
3038 1830 1 
831 177 1 
999 1001 1 
3271 2309 1 
2106 1580 1 
941 395 1 
1936 1783 1 
266 503 1 
507 172 1 
2190 2635 1 
2138 2148 1 
296 603 1 
2234 2699 1 
647 733 1 
1700 1335 1 
796 1812 1 
754 560 1 
291 158 1 
1893 1275 1 
263 798 1 
1971 1400 1 
792 189 1 
863 535 1 
529 529 1 
2866 2182 1 
519 953 1 
839 385 1 
87 798 1 
523 1375 1 
1921 1112 1 
1108 1201 1 
2535 2610 1 
848 786 1 
116 672 1 
887 1011 1 
815 809 1 
1909 1690 1 
2623 2860 1 
964 213 1 
1928 1791 1 
355 2580 1 
597 161 1 
185 3253 1 
124 669 1 
616 1510 1 
1919 1740 1 
848 60 1 
1280 1977 1 
2456 2851 1 
3298 2686 1 
2421 2438 1 
917 64 1 
391 457 1 
1851 1213 1 
1109 1318 1 
1852 1634 1 
408 813 1 
1883 2102 1 
1602 1570 1 
2263 2413 1 
85 744 1 
1852 1802 1 
2709 2826 1 
298 123 1 
290 733 1 
292 463 1 
478 370 1 
700 23 1 
1836 1837 1 
1224 1965 1 
3208 3208 1 
1407 1371 1 
1784 1472 1 
2011 2011 1 
391 16 1 
910 447 1 
1176 1361 1 
2257 2257 1 
1151 1660 1 
638 151 1 
23 119 1 
1000 957 1 
2854 2853 1 
1593 1594 1 
2184 2678 1 
978 517 1 
2213 2475 1 
391 235 1 
2023 1928 1 
1502 1503 1 
848 543 1 
2233 2541 1 
1913 1084 1 
1649 1244 1 
440 756 1 
393 593 1 
1005 356 1 
373 503 1 
382 714 1 
165 953 1 
58 1683 1 
917 401 1 
1041 1680 1 
1741 1742 1 
1407 1360 1 
1819 1257 1 
365 245 1 
1132 1886 1 
280 359 1 
296 635 1 
282 585 1 
326 150 1 
2202 2202 1 
548 254 1 
523 1250 1 
661 876 1 
781 1007 1 
405 402 1 
3247 3246 1 
906 674 1 
507 844 1 
271 869 1 
2898 2896 1 
3203 2469 1 
1569 1227 1 
3299 2744 1 
1151 2119 1 
1852 3010 1 
781 2065 1 
2169 1802 1 
2649 2649 1 
303 912 1 
440 919 1 
2050 2050 1 
1919 1918 1 
856 2700 1 
150 150 1 
296 883 1 
203 256 1 
327 325 1 
662 675 1 
662 949 1 
1767 1283 1 
2346 2231 1 
2051 1543 1 
472 277 1 
699 576 1 
849 986 1 
1510 150 1 
748 52 1 
917 330 1 
1184 1838 1 
906 2279 1 
866 1241 1 
31 1992 1 
947 707 1 
315 316 1 
1702 2058 1 
1407 1823 1 
800 702 1 
24 705 1 
2026 1236 1 
324 110 1 
879 270 1 
1813 2153 1 
1159 1215 1 
489 1011 1 
1049 1029 1 
2260 2745 1 
2958 1814 1 
1770 1108 1 
3032 2433 1 
1471 1705 1 
789 580 1 
1 515 1 
1930 1699 1 
1244 1506 1 
848 510 1 
279 1725 1 
1148 1875 1 
45 633 1 
1103 1674 1 
472 505 1 
2580 2408 1 
1732 1365 1 
970 1708 1 
365 366 1 
472 123 1 
2222 3116 1 
2950 2950 1 
2831 2292 1 
997 995 1 
939 940 1 
1461 1062 1 
805 747 1 
1445 1440 1 
632 496 1 
1444 1535 1 
979 918 1 
686 687 1 
2555 2256 1 
496 140 1 
168 640 1 
2954 2951 1 
276 1250 1 
1887 1098 1 
339 556 1 
1039 1770 1 
1691 1479 1 
1525 1935 1 
1160 1288 1 
489 43 1 
660 723 1 
1262 1751 1 
2961 2405 1 
1298 1090 1 
448 94 1 
664 18 1 
2829 3220 1 
606 186 1 
1903 1303 1 
999 177 1 
3044 3118 1 
1674 1640 1 
1871 1946 1 
1412 1226 1 
2797 3000 1 
2755 2756 1 
1707 1225 1 
246 1010 1 
2659 2659 1 
1447 1449 1 
1091 1405 1 
1480 1087 1 
1710 1491 1 
2321 2639 1 
1771 1772 1 
442 646 1 
280 2293 1 
52 356 1 
3184 3185 1 
2107 1752 1 
3150 3147 1 
382 120 1 
1788 1781 1 
605 60 1 
1292 1345 1 
1482 1145 1 
1796 1165 1 
1692 1816 1 
306 233 1 
374 2464 1 
1018 1265 1 
1298 1014 1 
1349 1966 1 
506 57 1 
1919 1309 1 
2519 2847 1 
2049 1778 1 
2697 3145 1 
304 181 1 
548 698 1 
430 1410 1 
483 52 1 
391 213 1 
649 2182 1 
355 352 1 
2948 2877 1 
498 146 1 
440 52 1 
2732 2338 1 
2017 2018 1 
1995 1820 1 
3184 405 1 
382 606 1 
2575 3218 1 
944 945 1 
1967 1549 1 
1737 1736 1 
120 811 1 
781 1896 1 
700 156 1 
738 737 1 
2932 2498 1 
757 335 1 
1018 592 1 
391 674 1 
2587 2586 1 
3148 3147 1 
715 55 1 
1265 1285 1 
1102 2134 1 
3169 2445 1 
379 2340 1 
349 983 1 
2083 2083 1 
1960 1674 1 
1851 1282 1 
391 911 1 
2982 2453 1 
2683 2684 1 
319 482 1 
573 574 1 
3127 3127 1 
2043 1284 1 
3030 2278 1 
33 593 1 
2303 2507 1 
1383 1890 1 
1534 711 1 
555 1643 1 
664 658 1 
1985 1748 1 
1981 1286 1 
700 157 1 
1082 1142 1 
1675 1483 1 
987 876 1 
291 785 1 
825 971 1 
1647 1321 1 
1884 1886 1 
1072 1745 1 
2561 2582 1 
638 328 1 
2053 2073 1 
647 550 1 
2278 3030 1 
2237 2194 1 
744 980 1 
2737 2179 1 
2057 1342 1 
1120 2037 1 
1409 1716 1 
391 803 1 
2588 2588 1 
1082 1951 1 
2658 1303 1 
330 64 1 
1353 1450 1 
1424 1981 1 
617 695 1 
407 790 1 
1925 1276 1 
3294 2625 1 
32 1741 1 
1474 1305 1 
391 181 1 
888 698 1 
749 1762 1 
906 1970 1 
934 203 1 
1364 1760 1 
105 135 1 
1658 1081 1 
660 878 1 
749 1001 1 
664 859 1 
957 55 1 
856 2442 1 
1967 2113 1 
2362 131 1 
2721 3016 1 
391 232 1 
263 542 1 
523 55 1 
692 135 1 
1896 1992 1 
309 1987 1 
2996 2766 1 
1432 2194 1 
1046 2003 1 
794 860 1 
660 981 1 
65 240 1 
3062 3063 1 
1788 1289 1 
1647 1132 1 
391 703 1 
511 567 1 
2911 2452 1 
2000 1282 1 
432 869 1 
3287 2704 1 
277 108 1 
6 950 1 
56 972 1 
679 1748 1 
764 801 1 
478 952 1 
219 66 1 
415 59 1 
888 2729 1 
553 953 1 
246 723 1 
2800 3129 1 
1789 1240 1 
1892 1440 1 
1662 1363 1 
142 1003 1 
421 234 1 
32 1283 1 
2258 3022 1 
692 652 1 
1843 1739 1 
1971 1399 1 
815 36 1 
906 2162 1 
264 425 1 
1731 1143 1 
273 517 1 
506 173 1 
374 252 1 
2372 378 1 
2053 1491 1 
391 8 1 
848 395 1 
2997 2332 1 
848 527 1 
1637 1254 1 
1682 1408 1 
26 684 1 
3184 402 1 
365 674 1 
771 772 1 
1187 1649 1 
391 463 1 
662 64 1 
2622 2621 1 
2032 1239 1 
674 712 1 
2681 2681 1 
306 237 1 
391 392 1 
19 60 1 
1904 2033 1 
1473 1586 1 
2131 964 1 
391 220 1 
3103 3102 1 
292 684 1 
3175 2729 1 
267 2082 1 
1972 1399 1 
397 779 1 
1919 1299 1 
3047 639 1 
3191 2241 1 
848 188 1 
1207 1257 1 
1777 1405 1 
489 834 1 
1634 646 1 
746 911 1 
2986 2987 1 
1501 1500 1 
2833 2324 1 
1717 1718 1 
462 70 1 
3081 2666 1 
2006 1333 1 
3134 2414 1 
999 68 1 
3041 771 1 
2340 975 1 
699 698 1 
2537 2281 1 
557 830 1 
644 84 1 
699 806 1 
463 168 1 
3186 403 1 
218 725 1 
1069 1210 1 
1000 106 1 
1752 2107 1 
374 375 1 
770 539 1 
523 106 1 
1077 1079 1 
3109 2517 1 
390 937 1 
343 772 1 
184 2208 1 
1907 2827 1 
617 575 1 
1391 1149 1 
483 698 1 
448 779 1 
2051 2113 1 
2297 2764 1 
1005 517 1 
890 891 1 
1474 1473 1 
279 829 1 
3065 2638 1 
451 561 1 
1732 1986 1 
1600 2075 1 
1844 1739 1 
2497 2497 1 
638 327 1 
180 574 1 
699 905 1 
1102 2133 1 
839 174 1 
405 404 1 
87 461 1 
25 393 1 
617 576 1 
2363 615 1 
2857 2752 1 
488 951 1 
3205 2469 1 
686 698 1 
1308 2038 1 
391 471 1 
470 634 1 
2050 2049 1 
89 155 1 
417 1004 1 
423 715 1 
3309 3310 1 
858 346 1 
518 674 1 
451 450 1 
385 515 1 
2615 2618 1 
539 674 1 
1080 1824 1 
3298 2880 1 
1941 1919 1 
298 1233 1 
1479 1441 1 
32 2775 1 
1177 1898 1 
440 670 1 
275 204 1 
850 608 1 
484 260 1 
